100 2612
82 54 4 73 32 8 21 17 59 85 72 65 93 65 35 25 22 30 35 83 19 75 38 20 89 15 96 0 1 29 30 27 20 97 42 63 34 69 23 81 24 18 67 28 74 10 68 90 90 79 33 60 15 24 7 64 99 87 60 92 31 41 88 76 43 96 19 52 10 47 2 9 84 98 40 94 80 88 67 49 75 65 75 31 20 18 97 27 8 60 97 98 91 47 20 93 73 76 37 85
7 179
23 68 30 29 67 82 62
62 1513
27 35 29 27 96 60 88 2 29 92 92 21 86 2 28 0 75 38 3 4 39 43 71 14 3 0 97 56 52 99 34 15 60 94 57 49 50 47 81 51 35 33 53 36 38 59 97 49 63 4 85 97 90 29 39 43 28 48 77 64 88 25
100 2505
41 78 82 9 88 57 36 74 79 77 11 72 96 7 90 59 25 31 89 54 30 46 89 90 1 6 69 45 68 65 95 69 85 27 64 85 70 58 24 93 88 73 69 0 78 3 61 28 28 25 60 82 26 8 41 17 61 51 37 22 57 85 59 47 84 62 19 77 87 26 88 69 4 62 73 45 57 68 1 80 55 64 83 0 4 7 47 66 51 21 3 3 0 51 10 37 84 10 66 5
91 2207
7 26 98 87 44 39 78 28 9 68 70 93 33 26 87 81 8 60 83 38 94 76 16 55 8 49 46 2 35 71 54 32 88 35 49 87 58 64 58 65 64 4 40 14 92 80 99 26 67 88 22 42 56 6 14 46 34 59 3 57 86 28 26 69 3 41 27 68 98 15 39 76 69 37 3 76 22 62 51 20 58 7 58 6 72 54 30 23 86 74 11
100 2287
15 4 25 41 10 10 12 89 43 49 76 13 85 34 20 85 96 98 45 34 76 57 0 5 11 12 30 54 31 44 55 46 97 75 90 17 0 93 0 2 97 28 42 64 1 82 52 97 86 18 21 75 6 68 80 90 3 15 18 43 40 78 56 82 2 46 16 60 2 85 73 59 91 98 56 83 32 13 38 4 6 2 27 45 38 39 82 66 65 51 15 62 58 61 27 95 62 37 33 23
100 2503
42 14 74 1 26 22 97 96 96 71 52 17 10 93 86 61 83 3 11 58 96 8 94 10 55 20 56 12 69 15 11 34 4 91 40 0 89 89 36 49 77 46 24 89 68 7 47 96 19 71 52 39 92 84 51 65 89 30 4 70 64 99 54 43 9 41 47 71 90 62 65 19 52 51 72 12 17 7 41 92 66 96 23 67 55 1 39 37 88 3 36 8 77 53 54 62 87 16 90 29
95 3922
58 91 76 18 35 78 28 38 85 67 39 21 56 89 31 85 12 76 69 84 29 65 98 5 44 26 84 88 66 38 3 19 40 71 8 15 52 71 98 86 97 69 69 9 62 71 8 45 4 77 71 45 96 78 70 30 85 37 16 53 0 1 19 60 37 44 82 21 54 26 56 53 66 73 62 46 36 42 65 10 41 56 79 71 13 95 74 63 52 59 94 6 73 33 74
11 281
62 84 36 81 5 25 70 27 5 73 96
100 2631
40 46 46 0 43 45 82 50 53 6 81 63 53 63 58 83 99 59 62 69 34 34 1 83 51 86 62 44 46 68 26 15 87 96 38 18 97 9 10 64 80 60 81 45 29 72 94 16 35 48 56 67 1 68 10 75 84 78 72 69 74 3 10 7 83 95 65 31 99 65 21 97 75 35 23 89 58 3 54 24 61 59 55 30 15 55 60 36 31 50 61 96 18 9 96 46 41 90 43 89
1 11
10
98 2386
70 60 63 32 36 38 23 92 21 70 62 91 7 76 56 20 88 11 64 84 4 20 89 0 62 8 13 13 29 47 95 84 46 75 54 60 54 11 30 5 21 98 27 20 6 41 9 89 24 85 84 39 11 91 10 12 59 39 84 7 97 23 44 36 77 22 56 77 45 70 9 65 15 82 16 12 61 64 3 88 60 9 23 92 36 26 2 13 87 96 82 61 97 79 20 7 73 23
100 2486
56 90 92 27 27 39 91 97 19 6 91 74 31 11 20 28 58 52 20 99 57 65 84 64 81 90 35 21 89 30 16 1 5 33 77 21 57 81 77 27 71 9 75 33 60 46 88 85 78 22 2 15 49 84 99 26 16 6 42 89 55 82 99 61 67 32 31 98 85 83 86 87 72 64 22 44 53 2 19 8 50 21 51 5 86 55 24 43 36 27 10 75 36 29 55 36 16 60 7 65
5 149
62 63 90 59 27
2 0
24 43
97 2503
91 2 74 7 28 50 88 42 96 75 50 54 31 70 43 38 11 67 72 79 87 67 84 67 46 43 89 62 17 51 91 24 23 41 90 18 30 84 82 14 65 94 49 91 1 52 69 16 63 20 38 28 65 59 93 79 15 80 44 37 58 89 41 23 35 59 72 47 31 45 26 40 16 67 74 8 20 6 72 73 21 17 69 51 25 66 9 56 91 22 4 5 77 83 81 98 93
1 40
83
68 1650
89 33 79 81 26 6 9 31 96 81 23 78 67 24 47 81 28 53 82 10 81 0 1 94 20 7 18 9 89 90 16 52 39 84 50 59 87 14 15 87 3 22 50 69 34 71 76 91 38 97 59 3 57 8 31 53 15 98 33 6 32 76 98 81 75 13 20 54
6 119
10 28 68 31 69 27
6 120
28 68 10 27 31 69
